09-41-06_1.jpg	88.3653 170.8382	55.88025	168.6176	119.5336
09-41-06_2.jpg	88.2701 193.4441	46.60924	140.2176	94.20168
09-42-05_1.jpg	88.6269 91.69853	53.7563	153.3529	113.6134
09-42-05_2.jpg	87.9302 122.5191	49.02941	154.1294	125.5294
09-43-07_1.jpg	85.1452 50.39706	37.80042	129.6176	100.2101
09-43-07_2.jpg	85.38 46.27353	48.80042	136.7412	111.7311
09-44-06_1.jpg	84.999 186.0191	54.41176	128.3029	107.8235
09-44-06_2.jpg	85.504 187.8529	40.68067	127.9765	105.6807
09-45-04_1.jpg	84.5474 141.0412	60.05882	163.0588	141.3529
09-45-04_2.jpg	85.1572 171.45	58.21008	198.0235	158.4874
09-46-10_1.jpg	86.458 229.5029	52.53992	144.2118	131.2311
09-46-10_2.jpg	85.9919 234.0221	62.78151	161.9265	133.7899
09-49-17_1.jpg	93.5971 15.75441	70.69118	159.1765	113.8235
09-49-17_2.jpg	96.1626 29.27206	73.51471	152.5588	108.479
09-49-37_1.jpg	91.9021 58.58529	57.55042	165.5765	116.5546
09-49-37_2.jpg	93.1797 17.30147	56.03571	149.1971	114.9916
09-50-11_1.jpg	92.2767 36.11912	63.10294	151.8853	113.8235
09-50-11_2.jpg	89.2679 85.29118	59.96429	165.5765	128.7227
09-52-38_1.jpg	87.3382 39.21324	54.61975	144.5294	115.2227
09-52-38_2.jpg	88.2164 9.325	69.75	117.3206	95.43697
09-53-51.jpg 1	00.0839 28.16176	46.76471	166.9765	104.7311
09-53-51_2.jpg	99.3121 24.62206	65.83403	137.5471	91.56303
09-54-44.jpg 8	7.3991 122.7721	41.81723	132.9265	104.7479
09-54-44_2.jpg	87.7829 129.5	48.46429	129.5059	104.4286
09-55-22.jpg 8	6.1505 115.0015	45.58193	125.0941	121.5252
09-55-22_2.jpg	86.0108 101.6074	57.90336	141.6529	106.6891
09-55-50.jpg 8	4.5256 112.2544	50.36975	132.6765	104.5462
09-55-50_2.jpg	83.3911 124.0809	41	107.9441	108
09-56-30.jpg 8	4.0948 122.5441	40.78361	149.8588	112.7941
09-56-30_2.jpg	82.2152 110.9044	29.5021	169.8529	119.1723
09-57-36.jpg 8	3.1166 116.0309	45.9895	170.7353	143.4076
09-57-36_2.jpg	83.0057 115.4338	49.62395	152.8676	123.1765
09-58-19.jpg 8	5.8683 50.14118	40.69538	159.7647	125.895
10-51-38.jpg 8	7.197 186.1515	82.82773	214.7294	185.0252
10-52-09.jpg 8	6.5151 150.6279	74.18277	202.1824	167.3782
10-55-10.jpg 8	1.7248 190.9118	81.64496	218.7059	195.3782
10-58-55.jpg 9	3.226 135.3324	63.01471	240.7176	174.4916
11-02-15.jpg 8	3.2193 192.875	90.5	226.3235	192
11-03-10.jpg 8	6.3457 250.25	85.92017	229.5	196.3866
11-03-53.jpg 8	8.1692 139.1779	88.78571	228.3206	180