09-41-06_1.jpg 88.3653 170.8382      55.88025      168.6176      119.5336
09-41-06_2.jpg 88.2701 193.4441      46.60924      140.2176      94.20168
09-42-05_1.jpg 88.6269 91.69853       53.7563      153.3529      113.6134
09-42-05_2.jpg 87.9302 122.5191      49.02941      154.1294      125.5294
09-43-07_1.jpg 85.1452 50.39706      37.80042      129.6176      100.2101
09-43-07_2.jpg 85.38 46.27353      48.80042      136.7412      111.7311
09-44-06_1.jpg 84.999 186.0191      54.41176      128.3029      107.8235
09-44-06_2.jpg 85.504 187.8529      40.68067      127.9765      105.6807
09-45-04_1.jpg 84.5474 141.0412      60.05882      163.0588      141.3529
09-45-04_2.jpg 85.1572 171.45      58.21008      198.0235      158.4874
09-46-10_1.jpg 86.458 229.5029      52.53992      144.2118      131.2311
09-46-10_2.jpg 85.9919 234.0221      62.78151      161.9265      133.7899
09-49-17_1.jpg 93.5971 15.75441      70.69118      159.1765      113.8235
09-49-17_2.jpg 96.1626 29.27206      73.51471      152.5588       108.479
09-49-17_2.jpg 92.9379 35.96324      69.34244      151.2206       114.042
09-49-37_1.jpg 91.9021 58.58529      57.55042      165.5765      116.5546
09-49-37_2.jpg 93.1797 17.30147      56.03571      149.1971      114.9916
09-50-11_1.jpg 92.2767 36.11912      63.10294      151.8853      113.8235
09-50-11_2.jpg 89.2679 85.29118      59.96429      165.5765      128.7227
09-52-38_1.jpg 87.3382 39.21324      54.61975      144.5294      115.2227
09-52-38_2.jpg 88.2164 9.325         69.75      117.3206      95.43697
