17-47-32.jpg 83.177 259.2147      84.07143      221.5294      165.7143
17-47-38.jpg 86.6304 232.3147      91.21429      254.7588      155.7143
17-47-41.jpg 87.5672 246.5559          85.5      221.5294      182.8571
17-47-48.jpg 85.2543 251.3029          95.5      210.4529      165.7143
17-48-12.jpg 86.7019 281.3676      74.07143      223.1118      157.1429
17-48-16.jpg 86.5557 263.9618      94.07143      235.7706      171.4286
17-48-21.jpg 86.1264 263.9618      94.07143      235.7706      171.4286
17-48-21.jpg 86.174 267.1265      98.35714      246.8471      135.7143
17-48-34.jpg 84.1424 113.6382          25.5      202.5412      152.8571
17-48-45.jpg 85.9384 225.9853      71.21429      216.7824      151.4286
17-48-47.jpg 86.9953 216.4912      68.35714      223.1118      147.1429
17-48-50.jpg 85.5388 216.4912      72.64286      218.3647      145.7143
17-49-02.jpg 84.0322 271.8735      38.35714      204.1235      148.5714
17-57-01.jpg 85.5388 252.8853      99.78571      200.9588      154.2857
17-57-11.jpg 83.177 61.42059      62.64286      200.9588      171.4286
17-57-24.jpg 84.4553 276.6206      112.6429      229.4412      151.4286
17-57-47.jpg 77.8418 211.7441          85.5      237.3529      181.4286
18-15-18.jpg 84.2887 187.4265      113.7374      167.9059       131.042
18-15-27.jpg 88.6623 142.8265      135.1029      177.0882      121.0714
18-18-25.jpg 84.3624 186.1147      145.0735      163.9706      128.1933
18-18-29.jpg 83.7338 186.1147      145.0735      163.9706      128.1933
18-18-34.jpg 79.6211 132.3324      118.0105      169.2176      152.4076
18-19-42.jpg 78.1776 112.6559      79.55252      184.9588      155.2563
18-19-50.jpg 82.3751 18.20882      90.94748      160.0353      150.9832
18-19-54.jpg 90 31.32647      115.1618         178.4      123.9202
